0.00,0.00;
0.17,0.13;
0.49,0.36;
0.57,0.43;
0.75,0.58;
0.76,0.61;
0.90,0.72;
0.77,0.70;
0.77,0.77;
0.73,0.72;
0.85,0.82;
0.81,0.72;
0.93,0.82;
0.85,0.76;
0.95,0.85;
0.92,0.86;
0.93,0.85;
0.81,0.76;
0.90,0.84;
0.82,0.76;
0.93,0.86;
0.82,0.77;
0.90,0.88;
0.84,0.81;
0.92,0.88;
0.82,0.77;
0.93,0.86;
0.84,0.80;
0.90,0.88;
0.82,0.77;
0.93,0.85;
0.93,0.86;
0.92,0.86;
0.92,0.85;
0.93,0.85;
0.92,0.85;
0.90,0.86;
0.93,0.85;
0.90,0.89;
0.90,0.89;
0.90,0.89;
0.92,0.88;
0.90,0.86;
0.92,0.85;
0.93,0.86;
0.93,0.86;
0.93,0.86;
0.93,0.85;
0.92,0.82;
0.92,0.84;
0.92,0.85;
0.93,0.85;
0.93,0.85;
0.93,0.85;
0.92,0.84;
0.90,0.84;
0.90,0.84;
0.89,0.82;
0.89,0.84;
0.90,0.85;
0.93,0.85;
0.92,0.84;
0.92,0.82;
0.92,0.84;
0.90,0.81;
0.90,0.84;
0.89,0.82;
0.90,0.84;
0.90,0.84;
0.89,0.85;
0.90,0.85;
0.90,0.86;
0.89,0.86;
0.89,0.86;
0.89,0.86;
0.90,0.88;
0.92,0.86;
0.90,0.88;
0.89,0.86;
0.89,0.86;
0.89,0.86;
0.90,0.88;
0.90,0.86;
0.90,0.86;
0.89,0.85;
0.90,0.85;
0.89,0.84;
0.89,0.84;
0.89,0.82;
0.88,0.82;
0.90,0.82;
0.89,0.82;
0.89,0.81;
0.89,0.82;
0.89,0.81;
0.88,0.81;
0.90,0.82;
0.89,0.82;
0.89,0.81;
0.88,0.80;
0.89,0.80;
0.88,0.81;
0.89,0.81;
0.88,0.80;
0.89,0.81;
0.90,0.81;
0.92,0.81;
0.89,0.81;
0.90,0.82;
0.88,0.82;
0.89,0.84;
0.88,0.82;
0.89,0.82;
0.89,0.82;
0.89,0.82;
0.89,0.84;
0.89,0.86;
0.89,0.88;
0.89,0.86;
0.89,0.85;
0.90,0.85;
0.89,0.84;
0.89,0.82;
0.89,0.81;
0.88,0.80;
0.88,0.80;
0.88,0.79;
0.86,0.77;
0.86,0.75;
0.85,0.73;
0.86,0.76;
0.85,0.76;
0.85,0.76;
0.86,0.76;
0.85,0.75;
0.88,0.76;
0.88,0.76;
0.88,0.77;
0.85,0.76;
0.84,0.76;
0.84,0.75;
