-0.04	0.12	-0.15	-0.08	0.00
-0.04	0.12	-0.10	0.10	0.00
-0.04	0.12	0.10	-0.10	0.00
-0.03	0.11	-0.05	-0.21	0.00
-0.02	0.10	0.10	0.01	0.00
-0.01	0.09	-0.14	0.12	0.00
-0.01	0.09	0.14	0.05	0.00
-0.01	0.09	-0.17	-0.10	0.00
-0.01	0.09	-0.09	0.12	0.00
-0.00	0.09	0.08	0.00	0.00
-0.01	0.09	0.23	0.03	0.00
-0.01	0.10	0.06	0.21	0.00
-0.02	0.11	0.08	0.15	0.00
-0.04	0.13	-0.08	0.14	0.00
-0.05	0.14	0.08	0.19	0.00
-0.05	0.15	0.18	0.04	0.00
-0.05	0.15	-0.06	-0.06	0.00
-0.05	0.15	0.15	0.12	0.00
-0.04	0.15	-0.14	-0.14	0.00
-0.04	0.15	-0.12	-0.12	0.00
-0.04	0.15	0.09	0.06	0.00
-0.04	0.15	-0.10	-0.17	0.00
-0.03	0.14	0.06	-0.12	0.00
-0.03	0.14	-0.09	0.05	0.00
-0.02	0.14	0.15	-0.17	0.00
-0.02	0.14	-0.17	0.05	0.00
-0.02	0.14	0.22	0.08	0.00
-0.03	0.15	0.03	0.04	0.00
-0.04	0.16	-0.10	0.04	0.00
-0.05	0.17	-0.12	0.12	0.00
-0.05	0.17	-0.06	0.01	0.00
-0.05	0.18	0.14	0.13	0.00
-0.05	0.18	-0.15	-0.14	0.00
-0.05	0.17	-0.10	-0.10	0.00
-0.05	0.18	0.10	0.08	0.00
-0.04	0.17	-0.12	-0.09	0.00
-0.03	0.17	0.08	-0.15	0.00
-0.03	0.16	-0.17	-0.10	0.00
-0.02	0.16	0.13	0.06	0.00
-0.02	0.16	0.03	0.10	0.00
-0.03	0.17	0.13	0.12	0.00
-0.04	0.18	0.12	0.04	0.00
-0.04	0.20	0.17	0.13	0.00
-0.06	0.21	-0.09	0.05	0.00
-0.06	0.22	0.10	0.04	0.00
-0.07	0.23	0.10	-0.12	0.00
-0.06	0.22	-0.17	-0.10	0.00
-0.06	0.22	0.13	0.05	0.00
-0.05	0.22	0.06	-0.15	0.00
-0.05	0.23	0.23	0.09	0.00
-0.05	0.23	-0.15	-0.09	0.00
-0.05	0.24	0.14	0.03	0.00
-0.05	0.24	0.19	0.03	0.00
-0.06	0.25	-0.06	0.13	0.00
-0.06	0.26	0.23	0.05	0.00
-0.07	0.28	0.24	0.05	0.00
-0.08	0.28	0.12	0.10	0.00
-0.08	0.28	0.17	-0.12	0.00
-0.07	0.29	0.08	-0.12	0.00
-0.07	0.29	0.13	-0.08	0.00
-0.07	0.29	-0.15	0.10	0.00
-0.06	0.29	0.13	-0.14	0.00
-0.05	0.29	0.08	0.17	0.00
-0.06	0.30	0.12	0.10	0.00
-0.07	0.31	-0.08	0.13	0.00
-0.07	0.31	0.12	0.01	0.00
-0.08	0.32	0.14	-0.08	0.00
-0.08	0.32	-0.17	0.10	0.00
-0.08	0.32	0.14	-0.14	0.00
-0.08	0.32	0.08	-0.10	0.00
-0.07	0.30	-0.24	-0.22	0.00
-0.06	0.29	-0.06	-0.06	0.00
-0.04	0.28	0.03	-0.15	0.00
-0.04	0.28	-0.14	0.09	0.00
-0.03	0.27	-0.10	0.05	0.00
-0.04	0.28	0.12	0.12	0.00
-0.05	0.29	0.24	0.12	0.00
-0.07	0.30	0.23	0.12	0.00
-0.08	0.31	-0.08	0.10	0.00
-0.08	0.31	0.06	-0.09	0.00
-0.09	0.31	-0.17	0.13	0.00
-0.08	0.30	-0.22	-0.31	0.00
-0.06	0.28	-0.10	-0.27	0.00
-0.04	0.27	-0.12	-0.22	0.00
-0.03	0.25	0.05	-0.21	0.00
-0.02	0.24	-0.13	0.03	0.00
-0.02	0.24	0.09	-0.12	0.00
-0.02	0.24	0.01	0.05	0.00
-0.04	0.25	-0.04	0.13	0.00
-0.05	0.26	0.08	0.30	0.00
-0.07	0.28	-0.05	0.12	0.00
-0.08	0.28	0.12	0.15	0.00
-0.08	0.28	-0.14	0.04	0.00
-0.09	0.28	-0.24	-0.27	0.00
-0.06	0.26	-0.26	-0.12	0.00
-0.04	0.25	-0.15	-0.24	0.00
-0.03	0.24	0.06	-0.13	0.00
-0.03	0.23	0.08	-0.14	0.00
-0.02	0.23	-0.14	0.13	0.00
-0.02	0.23	0.05	0.01	0.00
-0.04	0.25	0.26	0.06	0.00
-0.06	0.26	-0.12	0.24	0.00
-0.06	0.26	0.10	0.18	0.00
-0.07	0.27	-0.06	-0.17	0.00
-0.07	0.27	0.09	0.05	0.00
-0.08	0.27	-0.14	-0.15	0.00
-0.07	0.25	-0.15	-0.14	0.00
-0.05	0.24	-0.19	-0.19	0.00
-0.04	0.23	-0.21	-0.21	0.00
-0.03	0.22	0.05	0.03	0.00
-0.02	0.21	0.10	-0.17	0.00
-0.02	0.21	-0.15	-0.01	0.00
-0.02	0.21	0.23	0.12	0.00
-0.03	0.23	0.23	0.26	0.00
-0.05	0.24	0.26	0.05	0.00
-0.07	0.25	-0.03	-0.04	0.00
-0.07	0.26	0.12	0.03	0.00
-0.08	0.26	-0.04	0.13	0.00
-0.08	0.26	0.09	-0.15	0.00
-0.07	0.26	-0.10	-0.03	0.00
-0.06	0.25	-0.13	0.05	0.00
-0.05	0.24	-0.05	-0.15	0.00
-0.04	0.23	-0.09	0.03	0.00
-0.03	0.23	-0.18	-0.15	0.00
-0.03	0.22	0.13	-0.14	0.00
-0.03	0.23	0.03	0.23	0.00
-0.04	0.24	0.14	0.17	0.00
-0.06	0.25	0.09	0.06	0.00
-0.07	0.27	0.17	0.15	0.00
-0.07	0.27	0.13	0.17	0.00
-0.08	0.28	-0.08	-0.08	0.00
-0.07	0.28	0.06	0.08	0.00
-0.07	0.28	-0.15	-0.17	0.00
-0.08	0.27	-0.05	-0.04	0.00
-0.06	0.26	-0.12	-0.13	0.00
-0.05	0.25	-0.18	-0.17	0.00
-0.05	0.25	-0.18	0.08	0.00
-0.03	0.24	0.13	-0.14	0.00
-0.03	0.24	-0.10	0.06	0.00
-0.03	0.25	0.19	0.04	0.00
-0.05	0.26	0.15	0.23	0.00
-0.06	0.27	0.19	0.26	0.00
-0.07	0.28	0.21	0.03	0.00
-0.08	0.29	-0.04	-0.13	0.00
-0.08	0.29	0.15	0.13	0.00
-0.08	0.30	-0.14	-0.08	0.00
-0.07	0.29	-0.08	0.15	0.00
-0.07	0.30	0.09	-0.13	0.00
-0.07	0.30	-0.14	-0.09	0.00
-0.06	0.30	0.14	0.08	0.00
-0.06	0.30	0.09	-0.15	0.00
-0.05	0.30	0.01	0.15	0.00
-0.06	0.31	0.24	0.13	0.00
-0.07	0.33	0.26	0.26	0.00
-0.09	0.34	0.18	0.18	0.00
-0.09	0.35	0.21	0.18	0.00
-0.10	0.36	0.15	0.21	0.00
-0.09	0.36	0.10	0.09	0.00
-0.10	0.37	-0.04	0.10	0.00
-0.09	0.37	0.14	-0.17	0.00
-0.09	0.37	0.09	-0.09	0.00
-0.09	0.37	-0.09	0.09	0.00
-0.08	0.36	-0.17	0.09	0.00
-0.08	0.36	-0.03	-0.15	0.00
-0.07	0.35	-0.13	0.05	0.00
-0.07	0.35	0.06	-0.23	0.00
-0.06	0.34	0.09	0.04	0.00
-0.06	0.34	-0.12	-0.08	0.00
-0.06	0.33	0.08	0.06	0.00
-0.06	0.33	-0.14	-0.15	0.00
-0.05	0.33	0.14	0.15	0.00
-0.07	0.34	-0.05	-0.04	0.00
-0.06	0.34	0.17	0.04	0.00
-0.08	0.35	-0.08	0.12	0.00
-0.08	0.35	0.04	0.18	0.00
-0.09	0.36	0.18	0.09	0.00
-0.10	0.36	-0.14	-0.09	0.00
-0.08	0.35	-0.09	-0.14	0.00
-0.07	0.33	-0.13	-0.08	0.00
-0.05	0.32	0.08	0.03	0.00
-0.05	0.32	0.08	-0.17	0.00
-0.05	0.32	0.10	0.12	0.00
-0.05	0.32	0.08	0.10	0.00
-0.05	0.31	-0.09	-0.08	0.00
-0.05	0.32	0.09	0.03	0.00
-0.07	0.33	0.15	-0.06	0.00
-0.07	0.34	0.22	0.08	0.00
-0.08	0.35	0.06	0.03	0.00
-0.09	0.36	-0.04	-0.13	0.00
-0.09	0.36	0.14	-0.09	0.00
-0.09	0.36	-0.13	0.06	0.00
-0.09	0.35	-0.05	-0.09	0.00
-0.08	0.34	-0.08	-0.12	0.00
-0.07	0.33	-0.12	0.01	0.00
-0.06	0.33	0.09	-0.12	0.00
-0.05	0.32	-0.15	0.05	0.00
-0.05	0.33	0.19	0.17	0.00
-0.06	0.34	0.23	0.19	0.00
-0.07	0.35	0.26	0.17	0.00
-0.09	0.37	0.18	0.15	0.00
-0.10	0.37	0.22	0.05	0.00
-0.10	0.38	-0.10	0.06	0.00
-0.10	0.38	-0.09	-0.09	0.00
-0.10	0.38	-0.03	0.10	0.00
-0.09	0.37	-0.06	0.06	0.00
-0.07	0.36	0.06	-0.06	0.00
-0.07	0.35	-0.13	-0.10	0.00
-0.06	0.35	0.05	-0.18	0.00
-0.05	0.34	-0.09	0.13	0.00
-0.05	0.35	0.09	0.01	0.00
-0.06	0.37	0.19	0.27	0.00
-0.08	0.38	0.30	0.39	0.00
-0.10	0.40	0.12	0.31	0.00
-0.11	0.41	-0.10	0.23	0.00
-0.12	0.42	0.12	-0.13	0.00
-0.12	0.42	0.15	0.05	0.00
-0.11	0.41	-0.12	-0.04	0.00
-0.09	0.40	-0.30	-0.08	0.00
-0.08	0.39	0.03	-0.14	0.00
-0.07	0.38	-0.12	-0.17	0.00
-0.06	0.37	0.05	0.12	0.00
-0.07	0.37	-0.17	-0.18	0.00
-0.06	0.37	0.14	0.14	0.00
-0.06	0.37	0.09	0.10	0.00
-0.06	0.38	0.10	0.05	0.00
-0.08	0.39	0.17	0.05	0.00
-0.09	0.40	0.30	-0.08	0.00
-0.10	0.41	0.03	0.21	0.00
-0.11	0.42	0.12	-0.09	0.00
-0.12	0.42	-0.08	-0.01	0.00
-0.10	0.41	-0.14	-0.05	0.00
-0.09	0.40	-0.13	-0.06	0.00
-0.08	0.39	-0.17	0.05	0.00
-0.07	0.38	0.04	0.05	0.00
-0.06	0.37	0.09	0.08	0.00
-0.06	0.36	-0.13	-0.14	0.00
-0.06	0.36	-0.09	-0.09	0.00
-0.07	0.37	0.12	0.12	0.00
-0.07	0.36	-0.15	-0.15	0.00
-0.06	0.36	-0.12	-0.10	0.00
-0.07	0.36	0.08	0.01	0.00
-0.08	0.37	0.17	0.14	0.00
-0.08	0.37	-0.13	-0.13	0.00
-0.08	0.37	-0.10	-0.10	0.00
-0.08	0.37	0.08	0.06	0.00
-0.09	0.36	-0.14	-0.15	0.00
-0.08	0.36	0.05	-0.04	0.00
-0.07	0.34	-0.23	-0.05	0.00
-0.06	0.34	0.10	-0.13	0.00
-0.06	0.32	-0.15	-0.21	0.00
-0.06	0.32	-0.03	-0.12	0.00
-0.05	0.31	0.08	-0.12	0.00
-0.05	0.31	0.09	0.14	0.00
-0.05	0.31	-0.09	-0.13	0.00
-0.05	0.32	0.04	0.18	0.00
-0.06	0.32	0.15	0.03	0.00
-0.07	0.34	0.17	0.08	0.00
-0.08	0.35	0.23	0.12	0.00
-0.09	0.35	-0.06	0.12	0.00
-0.09	0.36	0.10	0.01	0.00
-0.09	0.36	-0.08	0.10	0.00
-0.09	0.36	0.13	-0.14	0.00
-0.09	0.36	-0.13	0.12	0.00
-0.08	0.35	-0.24	-0.13	0.00
-0.07	0.34	-0.05	-0.17	0.00
-0.06	0.32	-0.26	-0.13	0.00
-0.05	0.32	-0.12	0.04	0.00
-0.05	0.31	-0.14	0.05	0.00
-0.05	0.31	0.13	-0.14	0.00
-0.05	0.31	-0.12	0.12	0.00
-0.05	0.31	-0.09	0.08	0.00
-0.05	0.31	0.10	-0.13	0.00
-0.07	0.32	0.17	-0.12	0.00
-0.07	0.32	0.09	-0.10	0.00
-0.07	0.32	-0.09	0.06	0.00
-0.07	0.32	0.14	-0.14	0.00
-0.08	0.31	-0.08	-0.06	0.00
-0.07	0.30	-0.06	-0.08	0.00
-0.05	0.28	-0.10	-0.01	0.00
-0.04	0.26	-0.06	-0.17	0.00
-0.03	0.25	-0.13	0.03	0.00
-0.03	0.24	-0.14	0.04	0.00
-0.03	0.25	0.14	-0.14	0.00
-0.03	0.25	-0.13	0.14	0.00
-0.03	0.25	0.19	0.03	0.00
-0.05	0.26	-0.04	0.05	0.00
-0.06	0.27	-0.06	-0.08	0.00
-0.06	0.27	0.13	0.08	0.00
-0.07	0.27	-0.10	-0.06	0.00
-0.07	0.27	-0.09	0.08	0.00
-0.07	0.27	-0.21	-0.22	0.00
-0.06	0.26	-0.22	-0.06	0.00
-0.05	0.25	0.05	-0.12	0.00
-0.04	0.24	0.10	-0.21	0.00
-0.03	0.24	-0.12	0.04	0.00
-0.03	0.24	-0.10	-0.01	0.00
-0.04	0.24	0.08	0.01	0.00
-0.05	0.25	-0.04	0.01	0.00
-0.06	0.26	-0.06	-0.08	0.00
-0.06	0.26	0.15	0.15	0.00
-0.06	0.26	0.10	0.09	0.00
-0.06	0.27	-0.08	-0.09	0.00
-0.06	0.27	0.15	0.15	0.00
-0.07	0.27	-0.10	-0.12	0.00
-0.07	0.26	-0.22	-0.05	0.00
-0.06	0.26	-0.05	-0.06	0.00
-0.04	0.24	-0.18	0.08	0.00
-0.04	0.24	-0.05	-0.18	0.00
-0.03	0.23	-0.09	0.01	0.00
-0.03	0.24	0.14	-0.15	0.00
-0.03	0.24	-0.12	0.08	0.00
-0.04	0.24	-0.08	-0.09	0.00
-0.05	0.24	-0.03	0.19	0.00
-0.06	0.25	-0.04	0.08	0.00
-0.06	0.25	0.12	-0.09	0.00
-0.06	0.25	-0.14	0.04	0.00
-0.06	0.25	-0.08	-0.14	0.00
-0.06	0.25	0.06	0.14	0.00
-0.06	0.25	-0.13	0.08	0.00
-0.06	0.24	-0.04	-0.12	0.00
-0.05	0.24	-0.15	0.12	0.00
-0.05	0.24	0.12	-0.12	0.00
-0.04	0.24	0.08	-0.09	0.00
-0.03	0.24	0.01	0.09	0.00
-0.05	0.25	0.24	0.06	0.00
-0.06	0.26	0.04	0.15	0.00
-0.07	0.27	-0.04	0.15	0.00
-0.07	0.28	0.08	0.00	0.00
-0.08	0.29	0.14	0.12	0.00
-0.08	0.29	0.09	-0.15	0.00
-0.08	0.29	-0.08	0.12	0.00
-0.07	0.28	-0.15	-0.14	0.00
-0.06	0.27	-0.18	-0.18	0.00
-0.04	0.26	-0.18	-0.18	0.00
-0.04	0.25	-0.10	-0.10	0.00
-0.03	0.25	0.09	0.05	0.00
-0.03	0.26	0.05	0.14	0.00
-0.04	0.27	0.23	0.13	0.00
-0.06	0.29	0.23	0.28	0.00
-0.08	0.31	0.10	0.18	0.00
-0.10	0.32	-0.06	0.15	0.00
-0.10	0.32	-0.08	-0.13	0.00
-0.10	0.32	0.06	0.14	0.00
-0.09	0.32	-0.10	-0.13	0.00
-0.07	0.30	-0.21	-0.18	0.00
-0.05	0.28	-0.26	-0.10	0.00
-0.04	0.27	-0.21	-0.14	0.00
-0.03	0.26	0.04	-0.15	0.00
-0.02	0.26	-0.06	0.05	0.00
-0.02	0.26	0.26	0.21	0.00
-0.04	0.28	0.34	0.23	0.00
-0.06	0.30	0.15	0.24	0.00
-0.09	0.32	0.32	0.09	0.00
-0.11	0.33	0.18	-0.01	0.00
-0.10	0.34	0.09	0.14	0.00
-0.11	0.33	-0.04	-0.23	0.00
-0.08	0.32	-0.19	-0.26	0.00
-0.07	0.30	-0.24	-0.24	0.00
-0.05	0.28	-0.22	-0.08	0.00
-0.04	0.27	-0.06	-0.17	0.00
-0.03	0.26	-0.09	0.04	0.00
-0.03	0.27	0.15	-0.14	0.00
-0.03	0.27	0.19	0.05	0.00
-0.05	0.29	0.23	0.17	0.00
-0.06	0.30	0.17	0.32	0.00
-0.08	0.32	0.17	0.31	0.00
-0.09	0.33	0.15	0.12	0.00
-0.09	0.33	-0.03	0.14	0.00
-0.09	0.34	0.09	-0.08	0.00
-0.08	0.34	-0.09	-0.01	0.00
-0.08	0.34	0.15	0.12	0.00
-0.08	0.34	-0.14	0.13	0.00
-0.08	0.34	-0.09	0.05	0.00
-0.08	0.34	0.08	-0.09	0.00
-0.06	0.34	0.03	0.03	0.00
-0.06	0.36	0.19	0.21	0.00
-0.08	0.38	0.32	0.30	0.00
-0.11	0.40	0.10	0.21	0.00
-0.12	0.42	-0.03	0.19	0.00
-0.13	0.43	0.10	-0.12	0.00
-0.13	0.42	-0.04	-0.18	0.00
-0.12	0.41	-0.34	-0.21	0.00
-0.09	0.38	-0.21	-0.24	0.00
-0.04	0.36	-0.24	-0.26	0.00
-0.03	0.35	0.09	-0.12	0.00
-0.02	0.36	0.27	0.10	0.00
-0.06	0.39	0.21	0.17	0.00
-0.09	0.42	0.36	0.44	0.00
-0.13	0.45	0.23	0.41	0.00
-0.15	0.47	-0.03	0.15	0.00
-0.16	0.48	-0.08	-0.12	0.00
-0.15	0.46	-0.39	-0.23	0.00
-0.13	0.44	-0.39	-0.34	0.00
-0.08	0.40	-0.40	-0.54	0.00
-0.05	0.36	-0.55	-0.37	0.00
-0.02	0.32	-0.34	-0.18	0.00
-0.00	0.30	-0.31	0.00	0.00
0.00	0.30	-0.12	-0.13	0.00
-0.01	0.31	0.28	0.15	0.00
-0.03	0.33	0.24	0.24	0.00
-0.06	0.35	0.30	0.35	0.00
-0.10	0.39	0.36	0.32	0.00
-0.13	0.42	0.03	0.18	0.00
-0.14	0.43	-0.03	-0.04	0.00
-0.14	0.43	0.15	0.15	0.00
-0.13	0.42	-0.23	-0.30	0.00
-0.11	0.40	-0.40	-0.44	0.00
-0.08	0.37	-0.30	-0.23	0.00
-0.05	0.34	-0.35	-0.36	0.00
-0.02	0.31	-0.01	-0.14	0.00
-0.02	0.30	-0.14	-0.04	0.00
-0.01	0.30	0.12	0.04	0.00
-0.02	0.31	0.34	0.15	0.00
-0.04	0.33	0.12	0.14	0.00
-0.08	0.36	0.35	0.43	0.00
-0.11	0.39	0.26	0.26	0.00
-0.13	0.41	0.14	-0.04	0.00
-0.13	0.41	-0.04	-0.08	0.00
-0.13	0.41	-0.18	-0.13	0.00
-0.11	0.39	-0.23	-0.36	0.00
-0.09	0.37	-0.13	-0.27	0.00
-0.06	0.34	-0.40	-0.32	0.00
-0.03	0.31	-0.30	-0.27	0.00
-0.02	0.30	-0.08	0.06	0.00
-0.02	0.30	-0.14	-0.14	0.00
-0.02	0.32	0.24	0.37	0.00
-0.05	0.34	0.34	0.36	0.00
-0.08	0.38	0.39	0.46	0.00
-0.12	0.41	0.37	0.34	0.00
-0.15	0.44	0.22	0.21	0.00
-0.15	0.44	0.17	0.12	0.00
-0.15	0.44	-0.06	-0.19	0.00
-0.12	0.42	-0.37	-0.30	0.00
-0.09	-0.02	-0.55	-0.49	0.00
-0.00	-0.09	-0.75	-0.70	0.00
0.11	-0.15	-0.76	-0.79	0.00
0.27	0.00	-0.68	-0.59	0.00
0.40	0.02	0.57	0.21	0.00
