0.00,0.00;
0.15,0.15;
0.50,0.49;
0.64,0.61;
0.80,0.75;
0.77,0.73;
0.88,0.81;
0.81,0.76;
0.90,0.84;
0.82,0.77;
0.90,0.85;
0.82,0.77;
0.93,0.88;
0.94,0.88;
0.94,0.86;
0.93,0.86;
0.93,0.86;
0.93,0.86;
0.92,0.85;
0.93,0.86;
0.93,0.86;
0.93,0.86;
0.94,0.86;
0.93,0.86;
0.93,0.86;
0.94,0.88;
0.94,0.86;
0.94,0.88;
0.94,0.88;
0.92,0.85;
0.93,0.86;
0.94,0.86;
0.94,0.88;
0.94,0.86;
0.93,0.85;
0.94,0.86;
0.93,0.85;
0.94,0.88;
0.94,0.86;
0.95,0.88;
0.94,0.86;
0.94,0.86;
0.94,0.86;
0.93,0.85;
0.92,0.85;
0.92,0.85;
0.94,0.86;
0.94,0.88;
0.93,0.86;
0.93,0.86;
0.93,0.88;
0.94,0.88;
0.95,0.88;
0.94,0.88;
0.95,0.89;
0.94,0.86;
0.95,0.88;
0.94,0.88;
0.94,0.88;
0.93,0.86;
0.93,0.86;
0.94,0.88;
0.94,0.88;
0.94,0.85;
0.95,0.88;
0.95,0.88;
0.94,0.86;
0.94,0.88;
0.94,0.86;
0.94,0.88;
0.95,0.85;
0.94,0.86;
0.94,0.86;
0.93,0.85;
0.94,0.86;
0.94,0.86;
0.95,0.88;
0.94,0.88;
0.94,0.85;
0.94,0.86;
0.95,0.86;
0.95,0.88;
0.95,0.88;
0.95,0.89;
0.94,0.88;
0.94,0.86;
0.95,0.89;
0.95,0.89;
0.95,0.89;
0.92,0.86;
0.94,0.89;
0.95,0.89;
0.95,0.89;
0.95,0.90;
0.95,0.89;
0.94,0.89;
0.95,0.89;
0.94,0.88;
0.95,0.88;
0.95,0.88;
0.94,0.88;
0.95,0.86;
0.95,0.88;
0.93,0.85;
0.94,0.86;
0.95,0.86;
0.94,0.86;
0.95,0.86;
0.94,0.86;
0.94,0.88;
0.95,0.88;
0.95,0.86;
0.97,0.86;
0.95,0.86;
0.94,0.86;
0.94,0.88;
0.94,0.88;
0.94,0.86;
0.95,0.88;
0.94,0.85;
0.94,0.86;
0.94,0.88;
0.94,0.86;
0.95,0.88;
0.94,0.88;
0.95,0.88;
0.95,0.89;
0.94,0.88;
0.94,0.86;
0.94,0.88;
0.95,0.88;
0.95,0.89;
0.95,0.89;
0.93,0.85;
0.94,0.88;
0.94,0.88;
0.94,0.88;
0.95,0.89;
0.97,0.89;
0.95,0.88;
0.95,0.89;
