1.64
1.64
1.63
1.63
1.63
1.63
1.63
1.63
1.62
1.62
1.66
1.66
1.65
1.64
1.65
1.66
1.68
1.69
1.72
1.75
1.77
1.80
1.83
1.85
1.87
1.89
1.91
1.94
1.95
1.98
2.01
2.04
2.08
2.12
2.16
2.21
2.26
2.33
2.41
2.47
2.56
2.67
2.78
2.91
3.03
3.12
3.23
3.32
3.37
3.41
-1.66
-1.69
-1.77
-1.86
-2.00
-2.15
-2.26
-2.39
-2.48
-2.53
-2.55
1.66
1.70
1.76
1.83
1.92
2.03
2.11
2.22
2.31
2.38
2.42
-1.66
-1.67
-1.72
-1.77
-1.86
-1.97
-2.06
-2.16
-2.25
-2.31
-2.37
-2.40
-2.41
1.66
1.68
1.73
1.80
1.87
1.96
2.06
2.13
2.20
2.26
2.28
-1.66
-1.67
-1.70
-1.76
-1.81
-1.89
-1.97
-2.04
-2.12
-2.20
-2.25
-2.29
-2.32
1.66
1.66
1.68
1.72
1.79
1.86
1.96
2.07
2.15
2.23
2.30
2.33
-1.66
-1.67
-1.71
-1.78
-1.84
-1.94
-2.05
-2.13
-2.23
-2.32
-2.37
1.66
1.67
1.70
1.75
1.80
1.87
1.95
2.02
2.11
2.19
2.25
2.30
2.33
-1.66
-1.69
-1.75
-1.81
-1.90
-1.97
-2.07
-2.16
-2.22
-2.30
-2.35
-2.38
1.66
1.67
1.69
1.75
1.80
1.89
1.99
2.07
2.16
2.25
2.30
2.34
2.36
-1.66
-1.69
-1.75
-1.80
-1.89
-1.97
-2.07
-2.16
-2.23
-2.31
-2.36
-2.39
1.66
1.66
1.68
1.73
1.77
1.85
1.93
2.01
2.11
2.20
2.26
2.32
2.36
-1.66
-1.67
-1.72
-1.78
-1.87
-1.96
-2.07
-2.19
-2.27
-2.36
-2.42
-2.45
1.66
1.67
1.70
1.76
1.82
1.91
2.00
2.09
2.19
2.28
2.34
2.39
2.41
-1.66
-1.69
-1.74
-1.80
-1.90
-1.98
-2.09
-2.18
